1
100 250
10 6 
16 22
8 10
10 10 
20 14
14 6
9 6
10 6
6 10
7 6 
14 8
26 6 
11 6 
8 6
5 16
3 5
6 18
10 13
7 13
7 5
6 10
25 10
27 19
11 10
26 8
64 34
53 7
36 6
74 6
20 6
4 5
5 4
4 3
3 4
5 3
4 3
3 4
5 4
4 3
3 5
3 22
11 2 
11 38
2 2
4 33 
4 2
3 37
9 12
12 7
2 2
5 2 
2 4
2 2
25 5
3 2
3 2
2 2 
3 52
3 40
2 2 
3 14
6 2
3 2 
3 2
7 2 
2 2
18 4
7 7
3 4
19 59
2 2
3 5
5 8 
50 3
70 80
6 82
2 4
3 40
3 2
2 2
3 4
3 38
8 2
8 2
19 23
3 2
3 20
7 36
28 22
2 2
46 12
22 2 
80 50
42 41
64 12
31 25
42 57
46 30
34 85
17 21
74 8
6 10
25 10
27 19
11 10
26 8
64 34
53 7
36 6
74 6
5 12
9 33
9 15
7 7
5 4
4 8
4 4
81 2
67 25
43 58